0.040	 GeO2-SiO2(0.03989650)	1	0
0.040	 GeO2-SiO2(0.03956323)	1	0
0.040	 GeO2-SiO2(0.03922995)	1	0
0.040	 GeO2-SiO2(0.03889666)	1	0
0.040	 GeO2-SiO2(0.03856336)	1	0
0.040	 GeO2-SiO2(0.03823004)	1	0
0.040	 GeO2-SiO2(0.03789672)	1	0
0.040	 GeO2-SiO2(0.03756338)	1	0
0.040	 GeO2-SiO2(0.03723003)	1	0
0.040	 GeO2-SiO2(0.03689667)	1	0
0.040	 GeO2-SiO2(0.03656330)	1	0
0.040	 GeO2-SiO2(0.03622991)	1	0
0.040	 GeO2-SiO2(0.03589652)	1	0
0.040	 GeO2-SiO2(0.03556311)	1	0
0.040	 GeO2-SiO2(0.03522969)	1	0
0.040	 GeO2-SiO2(0.03489626)	1	0
0.040	 GeO2-SiO2(0.03456282)	1	0
0.040	 GeO2-SiO2(0.03422937)	1	0
0.040	 GeO2-SiO2(0.03389591)	1	0
0.040	 GeO2-SiO2(0.03356243)	1	0
0.040	 GeO2-SiO2(0.03322895)	1	0
0.040	 GeO2-SiO2(0.03289545)	1	0
0.040	 GeO2-SiO2(0.03256194)	1	0
0.040	 GeO2-SiO2(0.03222842)	1	0
0.040	 GeO2-SiO2(0.03189488)	1	0
0.040	 GeO2-SiO2(0.03156134)	1	0
0.040	 GeO2-SiO2(0.03122778)	1	0
0.040	 GeO2-SiO2(0.03089422)	1	0
0.040	 GeO2-SiO2(0.03056064)	1	0
0.040	 GeO2-SiO2(0.03022705)	1	0
0.040	 GeO2-SiO2(0.02989344)	1	0
0.040	 GeO2-SiO2(0.02955983)	1	0
0.040	 GeO2-SiO2(0.02922621)	1	0
0.040	 GeO2-SiO2(0.02889257)	1	0
0.040	 GeO2-SiO2(0.02855892)	1	0
0.040	 GeO2-SiO2(0.02822526)	1	0
0.040	 GeO2-SiO2(0.02789159)	1	0
0.040	 GeO2-SiO2(0.02755791)	1	0
0.040	 GeO2-SiO2(0.02722422)	1	0
0.040	 GeO2-SiO2(0.02689051)	1	0
0.040	 GeO2-SiO2(0.02655679)	1	0
0.040	 GeO2-SiO2(0.02622306)	1	0
0.040	 GeO2-SiO2(0.02588932)	1	0
0.040	 GeO2-SiO2(0.02555557)	1	0
0.040	 GeO2-SiO2(0.02522181)	1	0
0.040	 GeO2-SiO2(0.02488804)	1	0
0.040	 GeO2-SiO2(0.02455425)	1	0
0.040	 GeO2-SiO2(0.02422045)	1	0
0.040	 GeO2-SiO2(0.02388664)	1	0
0.040	 GeO2-SiO2(0.02355282)	1	0
0.040	 GeO2-SiO2(0.02321899)	1	0
0.040	 GeO2-SiO2(0.02288515)	1	0
0.040	 GeO2-SiO2(0.02255129)	1	0
0.040	 GeO2-SiO2(0.02221742)	1	0
0.040	 GeO2-SiO2(0.02188355)	1	0
0.040	 GeO2-SiO2(0.02154966)	1	0
0.040	 GeO2-SiO2(0.02121575)	1	0
0.040	 GeO2-SiO2(0.02088184)	1	0
0.040	 GeO2-SiO2(0.02054792)	1	0
0.040	 GeO2-SiO2(0.02021398)	1	0
0.040	 GeO2-SiO2(0.01988003)	1	0
0.040	 GeO2-SiO2(0.01954607)	1	0
0.040	 GeO2-SiO2(0.01921210)	1	0
0.040	 GeO2-SiO2(0.01887812)	1	0
0.040	 GeO2-SiO2(0.01854413)	1	0
0.040	 GeO2-SiO2(0.01821012)	1	0
0.040	 GeO2-SiO2(0.01787610)	1	0
0.040	 GeO2-SiO2(0.01754208)	1	0
0.040	 GeO2-SiO2(0.01720804)	1	0
0.040	 GeO2-SiO2(0.01687398)	1	0
0.040	 GeO2-SiO2(0.01653992)	1	0
0.040	 GeO2-SiO2(0.01620585)	1	0
0.040	 GeO2-SiO2(0.01587176)	1	0
0.040	 GeO2-SiO2(0.01553766)	1	0
0.040	 GeO2-SiO2(0.01520355)	1	0
0.040	 GeO2-SiO2(0.01486943)	1	0
0.040	 GeO2-SiO2(0.01453530)	1	0
0.040	 GeO2-SiO2(0.01420116)	1	0
0.040	 GeO2-SiO2(0.01386700)	1	0
0.040	 GeO2-SiO2(0.01353283)	1	0
0.040	 GeO2-SiO2(0.01319865)	1	0
0.040	 GeO2-SiO2(0.01286446)	1	0
0.040	 GeO2-SiO2(0.01253026)	1	0
0.040	 GeO2-SiO2(0.01219605)	1	0
0.040	 GeO2-SiO2(0.01186182)	1	0
0.040	 GeO2-SiO2(0.01152759)	1	0
0.040	 GeO2-SiO2(0.01119334)	1	0
0.040	 GeO2-SiO2(0.01085908)	1	0
0.040	 GeO2-SiO2(0.01052481)	1	0
0.040	 GeO2-SiO2(0.01019053)	1	0
0.040	 GeO2-SiO2(0.00985623)	1	0
0.040	 GeO2-SiO2(0.00952193)	1	0
0.040	 GeO2-SiO2(0.00918761)	1	0
0.040	 GeO2-SiO2(0.00885328)	1	0
0.040	 GeO2-SiO2(0.00851894)	1	0
0.040	 GeO2-SiO2(0.00818459)	1	0
0.040	 GeO2-SiO2(0.00785022)	1	0
0.040	 GeO2-SiO2(0.00751585)	1	0
0.040	 GeO2-SiO2(0.00718146)	1	0
0.040	 GeO2-SiO2(0.00684706)	1	0
"a2"	SiO2("n2")	0	0
"a3"	F-SiO2_1(0)	0	0
"SingFibreCladRad"	SiO2("n2")	0	0
